#=====================================================
# File created:        Tue-03-Mar-2026-at-03-01-31PM
# Size of lattice:     60x60
# Number of MC steps:  50
# Reduced temperature: 0.500
# Run time (s):        0.086669
#=====================================================
# MC step:  Ratio:     Energy:   Order:
#=====================================================
   00000    0.5000   -3469.4578  0.2652
   00001    0.0000   -5066.4882  0.2603
   00002    0.0000   -6306.5043  0.2638
   00003    0.0000   -7121.9259  0.2640
   00004    0.0000   -7815.7788  0.2581
   00005    0.0000   -8353.1202  0.2556
   00006    0.0000   -8780.3348  0.2514
   00007    0.0000   -9151.3652  0.2587
   00008    0.0000   -9471.1726  0.2676
   00009    0.0000   -9619.0484  0.2627
   00010    0.0000   -9801.4524  0.2682
   00011    0.0000   -9991.7682  0.2766
   00012    0.0000  -10248.3495  0.2820
   00013    0.0000  -10427.4156  0.2833
   00014    0.0000  -10474.6059  0.2932
   00015    0.0000  -10577.4344  0.2974
   00016    0.0000  -10689.6679  0.3014
   00017    0.0000  -10724.8156  0.3033
   00018    0.0000  -10838.5191  0.3011
   00019    0.0000  -10921.7782  0.3033
   00020    0.0000  -11020.8461  0.3014
   00021    0.0000  -11046.0067  0.3008
   00022    0.0000  -11114.2193  0.2999
   00023    0.0000  -11162.0131  0.3005
   00024    0.0000  -11225.0536  0.3018
   00025    0.0000  -11222.7365  0.3088
   00026    0.0000  -11294.8202  0.3179
   00027    0.0000  -11351.0382  0.3238
   00028    0.0000  -11354.9595  0.3282
   00029    0.0000  -11372.2809  0.3356
   00030    0.0000  -11440.0877  0.3387
   00031    0.0000  -11459.4785  0.3524
   00032    0.0000  -11461.1661  0.3560
   00033    0.0000  -11535.1997  0.3547
   00034    0.0000  -11511.4314  0.3606
   00035    0.0000  -11546.0849  0.3639
   00036    0.0000  -11523.2913  0.3630
   00037    0.0000  -11539.8564  0.3638
   00038    0.0000  -11630.8516  0.3696
   00039    0.0000  -11662.5723  0.3743
   00040    0.0000  -11652.9265  0.3788
   00041    0.0000  -11717.9030  0.3804
   00042    0.0000  -11737.8032  0.3765
   00043    0.0000  -11763.7440  0.3822
   00044    0.0000  -11754.4916  0.3857
   00045    0.0000  -11769.1316  0.3846
   00046    0.0000  -11755.2508  0.3863
   00047    0.0000  -11805.2744  0.3886
   00048    0.0000  -11840.7106  0.3881
   00049    0.0000  -11848.4362  0.3915
   00050    0.0000  -11845.6980  0.3904
