#=====================================================
# File created:        Tue-03-Mar-2026-at-03-03-44PM
# Size of lattice:     200x200
# Number of MC steps:  50
# Reduced temperature: 0.500
# Run time (s):        1.315599
#=====================================================
# MC step:  Ratio:     Energy:   Order:
#=====================================================
   00000    0.5000  -40462.1922  0.2503
   00001    0.0000  -59754.1951  0.2524
   00002    0.0000  -72456.3113  0.2531
   00003    0.0000  -81418.6137  0.2550
   00004    0.0000  -88653.1474  0.2562
   00005    0.0000  -94169.0545  0.2580
   00006    0.0000  -98818.8870  0.2588
   00007    0.0000 -102153.0195  0.2598
   00008    0.0000 -105095.3288  0.2609
   00009    0.0000 -107611.1213  0.2623
   00010    0.0000 -109761.4566  0.2618
   00011    0.0000 -111613.1430  0.2628
   00012    0.0000 -113416.5460  0.2651
   00013    0.0000 -115074.5968  0.2660
   00014    0.0000 -116253.5011  0.2652
   00015    0.0000 -117195.4288  0.2669
   00016    0.0000 -118363.8611  0.2691
   00017    0.0000 -119100.0582  0.2682
   00018    0.0000 -119956.4399  0.2679
   00019    0.0000 -120831.6802  0.2694
   00020    0.0000 -121608.1436  0.2697
   00021    0.0000 -122288.1065  0.2712
   00022    0.0000 -123031.9607  0.2718
   00023    0.0000 -123613.2362  0.2729
   00024    0.0000 -123985.0414  0.2731
   00025    0.0000 -124312.6983  0.2732
   00026    0.0000 -124876.6062  0.2737
   00027    0.0000 -125312.7936  0.2735
   00028    0.0000 -125561.3687  0.2749
   00029    0.0000 -125863.0530  0.2743
   00030    0.0000 -126236.8195  0.2754
   00031    0.0000 -126616.7191  0.2736
   00032    0.0000 -126988.6251  0.2739
   00033    0.0000 -127119.5194  0.2742
   00034    0.0000 -127354.2993  0.2735
   00035    0.0000 -127691.9501  0.2732
   00036    0.0000 -128013.1093  0.2757
   00037    0.0000 -128034.3059  0.2764
   00038    0.0000 -128218.3784  0.2753
   00039    0.0000 -128396.8070  0.2750
   00040    0.0000 -128637.6049  0.2752
   00041    0.0000 -128696.8736  0.2753
   00042    0.0000 -129017.9538  0.2769
   00043    0.0000 -129185.0978  0.2787
   00044    0.0000 -129452.5192  0.2804
   00045    0.0000 -129462.5696  0.2812
   00046    0.0000 -129457.2489  0.2817
   00047    0.0000 -129783.1461  0.2808
   00048    0.0000 -129902.2950  0.2812
   00049    0.0000 -129931.5060  0.2812
   00050    0.0000 -130009.0675  0.2809
