#=====================================================
# File created:        Tue-03-Mar-2026-at-11-58-21PM
# Size of lattice:     200x200
# Number of MC steps:  50
# Reduced temperature: 0.500
# Run time (s):        0.674271
#=====================================================
# MC step:  Ratio:     Energy:   Order:
#=====================================================
   00000    0.5000  -40020.0311  0.2510
   00001    0.0000  -59407.0330  0.2531
   00002    0.0000  -72100.5724  0.2551
   00003    0.0000  -81129.0329  0.2540
   00004    0.0000  -88200.5262  0.2529
   00005    0.0000  -93742.4090  0.2524
   00006    0.0000  -98075.7651  0.2541
   00007    0.0000 -101687.7600  0.2539
   00008    0.0000 -104790.7804  0.2543
   00009    0.0000 -107197.5103  0.2548
   00010    0.0000 -109538.1804  0.2584
   00011    0.0000 -111586.1495  0.2590
   00012    0.0000 -113499.3146  0.2594
   00013    0.0000 -114968.8951  0.2597
   00014    0.0000 -116265.5360  0.2611
   00015    0.0000 -117217.6493  0.2618
   00016    0.0000 -118146.4517  0.2622
   00017    0.0000 -119255.5371  0.2629
   00018    0.0000 -120124.4188  0.2644
   00019    0.0000 -120930.6056  0.2628
   00020    0.0000 -121613.4188  0.2635
   00021    0.0000 -122254.2461  0.2635
   00022    0.0000 -122815.5528  0.2637
   00023    0.0000 -123506.8427  0.2650
   00024    0.0000 -124008.5215  0.2642
   00025    0.0000 -124353.5419  0.2640
   00026    0.0000 -124754.8100  0.2637
   00027    0.0000 -125133.7407  0.2609
   00028    0.0000 -125588.6797  0.2610
   00029    0.0000 -126048.6755  0.2622
   00030    0.0000 -126218.3690  0.2631
   00031    0.0000 -126176.9007  0.2648
   00032    0.0000 -126442.1191  0.2641
   00033    0.0000 -126909.2338  0.2654
   00034    0.0000 -127074.1892  0.2660
   00035    0.0000 -127287.6243  0.2658
   00036    0.0000 -127482.7130  0.2689
   00037    0.0000 -127854.7875  0.2683
   00038    0.0000 -128132.9483  0.2678
   00039    0.0000 -128467.9802  0.2684
   00040    0.0000 -128434.8741  0.2686
   00041    0.0000 -128521.9695  0.2688
   00042    0.0000 -128896.1543  0.2688
   00043    0.0000 -129009.6895  0.2693
   00044    0.0000 -129063.5413  0.2683
   00045    0.0000 -129288.8723  0.2697
   00046    0.0000 -129500.5563  0.2691
   00047    0.0000 -129537.8760  0.2687
   00048    0.0000 -129485.6042  0.2679
   00049    0.0000 -129650.2948  0.2689
   00050    0.0000 -129971.4064  0.2680
