#=====================================================
# File created:        Tue-03-Mar-2026-at-11-13-09AM
# Size of lattice:     200x200
# Number of MC steps:  50
# Reduced temperature: 0.500
# Run time (s):        48.120542
#=====================================================
# MC step:  Ratio:     Energy:   Order:
#=====================================================
   00000    0.5000  -39580.8592  0.2566 
   00001    0.6782  -59787.9178  0.2537 
   00002    0.6209  -72319.9487  0.2553 
   00003    0.5872  -80862.9510  0.2555 
   00004    0.5566  -87737.1326  0.2550 
   00005    0.5375  -93263.7755  0.2538 
   00006    0.5223  -97553.3827  0.2553 
   00007    0.5062 -101480.3016  0.2551 
   00008    0.4995 -104588.5711  0.2560 
   00009    0.4909 -107263.3958  0.2546 
   00010    0.4819 -109630.2219  0.2541 
   00011    0.4791 -111749.4061  0.2521 
   00012    0.4703 -113642.0446  0.2539 
   00013    0.4633 -115103.1403  0.2538 
   00014    0.4581 -116273.2922  0.2532 
   00015    0.4579 -117419.3984  0.2555 
   00016    0.4594 -118670.0765  0.2556 
   00017    0.4551 -119400.2350  0.2537 
   00018    0.4551 -120281.9846  0.2543 
   00019    0.4498 -121032.7726  0.2551 
   00020    0.4414 -121810.8800  0.2564 
   00021    0.4440 -122327.4918  0.2551 
   00022    0.4482 -122883.4497  0.2572 
   00023    0.4466 -123648.1582  0.2578 
   00024    0.4414 -123914.2772  0.2562 
   00025    0.4434 -124281.1224  0.2565 
   00026    0.4426 -124794.2660  0.2557 
   00027    0.4356 -125124.8728  0.2558 
   00028    0.4317 -125252.5790  0.2562 
   00029    0.4348 -125665.1967  0.2569 
   00030    0.4369 -126020.5428  0.2575 
   00031    0.4405 -126411.4225  0.2569 
   00032    0.4340 -126861.3355  0.2571 
   00033    0.4373 -127056.1922  0.2585 
   00034    0.4331 -127260.7446  0.2583 
   00035    0.4349 -127270.1484  0.2574 
   00036    0.4320 -127527.4102  0.2580 
   00037    0.4304 -127793.8529  0.2588 
   00038    0.4290 -127904.9686  0.2603 
   00039    0.4298 -127923.5916  0.2598 
   00040    0.4361 -128245.0868  0.2596 
   00041    0.4234 -128563.9731  0.2581 
   00042    0.4285 -128734.3403  0.2604 
   00043    0.4322 -128938.4842  0.2603 
   00044    0.4267 -128834.5144  0.2604 
   00045    0.4253 -129006.9844  0.2600 
   00046    0.4271 -129247.5470  0.2599 
   00047    0.4271 -129465.7588  0.2601 
   00048    0.4288 -129543.1072  0.2586 
   00049    0.4289 -129743.5713  0.2591 
   00050    0.4270 -129698.9454  0.2595 
