#=====================================================
# File created:        Tue-03-Mar-2026-at-11-14-16AM
# Size of lattice:     200x200
# Number of MC steps:  50
# Reduced temperature: 0.500
# Run time (s):        47.595421
#=====================================================
# MC step:  Ratio:     Energy:   Order:
#=====================================================
   00000    0.5000  -39763.8441  0.2558 
   00001    0.6795  -59179.6261  0.2556 
   00002    0.6249  -71930.8122  0.2596 
   00003    0.5872  -81125.7922  0.2604 
   00004    0.5571  -87957.4206  0.2602 
   00005    0.5427  -93535.4235  0.2587 
   00006    0.5222  -97709.6844  0.2573 
   00007    0.5073 -101516.4775  0.2572 
   00008    0.4995 -104764.9514  0.2570 
   00009    0.4915 -107414.9071  0.2566 
   00010    0.4830 -109592.6184  0.2557 
   00011    0.4764 -111698.1087  0.2546 
   00012    0.4736 -113338.0934  0.2548 
   00013    0.4662 -114623.8716  0.2554 
   00014    0.4593 -116195.2687  0.2569 
   00015    0.4626 -117190.7046  0.2587 
   00016    0.4613 -118197.6154  0.2584 
   00017    0.4569 -119035.5044  0.2590 
   00018    0.4522 -119839.7499  0.2607 
   00019    0.4504 -120744.5697  0.2609 
   00020    0.4482 -121371.6585  0.2624 
   00021    0.4496 -122069.1050  0.2636 
   00022    0.4457 -122777.9900  0.2654 
   00023    0.4450 -123357.4219  0.2647 
   00024    0.4424 -123862.7660  0.2655 
   00025    0.4425 -124308.1506  0.2665 
   00026    0.4352 -124734.8512  0.2652 
   00027    0.4402 -125110.9632  0.2657 
   00028    0.4419 -125402.6852  0.2645 
   00029    0.4345 -125742.4027  0.2647 
   00030    0.4396 -126019.3536  0.2656 
   00031    0.4365 -126376.0111  0.2655 
   00032    0.4326 -126421.7773  0.2643 
   00033    0.4310 -126803.6661  0.2666 
   00034    0.4309 -126985.6519  0.2657 
   00035    0.4283 -127154.1947  0.2665 
   00036    0.4353 -127428.9378  0.2669 
   00037    0.4328 -127617.4218  0.2678 
   00038    0.4317 -127934.8926  0.2669 
   00039    0.4308 -128002.7000  0.2675 
   00040    0.4283 -128234.1749  0.2684 
   00041    0.4326 -128525.9420  0.2676 
   00042    0.4274 -128478.5681  0.2675 
   00043    0.4289 -128698.3609  0.2669 
   00044    0.4244 -128801.3963  0.2681 
   00045    0.4289 -128795.2262  0.2668 
   00046    0.4290 -128989.6870  0.2687 
   00047    0.4258 -129100.5425  0.2694 
   00048    0.4289 -129237.9264  0.2693 
   00049    0.4333 -129441.6108  0.2692 
   00050    0.4316 -129531.5920  0.2687 
