#=====================================================
# File created:        Sun-01-Mar-2026-at-12-47-30PM
# Size of lattice:     20x20
# Number of MC steps:  1000
# Reduced temperature: 1.000
# Run time (s):        9.099733
#=====================================================
# MC step:  Ratio:     Energy:   Order:
#=====================================================
   00000    0.5000    -409.3513  0.2651 
   00001    0.6925    -608.4783  0.2786 
   00002    0.6175    -702.1865  0.2921 
   00003    0.5850    -777.9521  0.3333 
   00004    0.5250    -815.2216  0.3054 
   00005    0.5700    -855.8907  0.3549 
   00006    0.5000    -852.1000  0.3609 
   00007    0.5150    -839.7193  0.3413 
   00008    0.5350    -894.6392  0.3362 
   00009    0.4975    -897.7272  0.3763 
   00010    0.5225    -945.9171  0.4088 
   00011    0.5025    -929.4964  0.4086 
   00012    0.5075    -926.1613  0.3863 
   00013    0.4900    -947.2141  0.3410 
   00014    0.4950    -913.0140  0.3451 
   00015    0.5600    -920.0372  0.3294 
   00016    0.5100    -913.6395  0.3329 
   00017    0.5575    -907.2518  0.3481 
   00018    0.4675    -927.5463  0.3901 
   00019    0.4550    -953.2456  0.3717 
   00020    0.5025    -936.4326  0.3651 
   00021    0.4825    -948.4066  0.3804 
   00022    0.4250    -953.9686  0.3930 
   00023    0.4675    -986.2550  0.3896 
   00024    0.4600    -952.8641  0.3873 
   00025    0.5500    -960.3737  0.3940 
   00026    0.4875    -939.6900  0.3591 
   00027    0.4825    -955.8776  0.3268 
   00028    0.4550    -937.2473  0.2904 
   00029    0.5175    -893.5177  0.2933 
   00030    0.5275    -921.5171  0.3375 
   00031    0.5200    -936.5903  0.3318 
   00032    0.5300    -922.2648  0.3307 
   00033    0.5000    -966.8354  0.3057 
   00034    0.4950    -953.9752  0.3569 
   00035    0.4900    -939.5532  0.3627 
   00036    0.5325    -946.7385  0.3625 
   00037    0.4800    -939.7382  0.3638 
   00038    0.5000    -920.0222  0.3294 
   00039    0.5150    -905.4907  0.3206 
   00040    0.5125    -896.9956  0.2663 
   00041    0.4825    -893.4667  0.2774 
   00042    0.5575    -846.0376  0.2714 
   00043    0.5325    -828.7845  0.2776 
   00044    0.5050    -865.1189  0.2769 
   00045    0.5150    -898.9320  0.2792 
   00046    0.5350    -919.2026  0.3298 
   00047    0.5025    -940.0546  0.3308 
   00048    0.5450    -925.6425  0.3260 
   00049    0.5100    -920.3443  0.3088 
   00050    0.5225    -894.1971  0.3504 
   00051    0.5200    -873.3995  0.3280 
   00052    0.5150    -869.8386  0.3533 
   00053    0.5250    -839.1937  0.3680 
   00054    0.5500    -880.8481  0.3489 
   00055    0.5250    -884.3167  0.3896 
   00056    0.4775    -882.3419  0.3812 
   00057    0.5500    -831.2058  0.3720 
   00058    0.5625    -835.7014  0.3801 
   00059    0.5175    -877.2230  0.3859 
   00060    0.4925    -893.4514  0.3742 
   00061    0.5250    -904.8798  0.3889 
   00062    0.5275    -949.0925  0.3792 
   00063    0.4875    -952.0238  0.4045 
   00064    0.5175    -898.8958  0.3908 
   00065    0.5100    -946.6714  0.4518 
   00066    0.4800    -978.8410  0.4431 
   00067    0.4000    -983.8338  0.4289 
   00068    0.5200    -980.6492  0.4473 
   00069    0.4525    -962.7373  0.4453 
   00070    0.4425    -951.2973  0.4334 
   00071    0.5125    -961.3946  0.4535 
   00072    0.4900    -987.1723  0.4595 
   00073    0.4525    -978.3940  0.4479 
   00074    0.4950    -931.6330  0.4403 
   00075    0.4825    -947.7031  0.3951 
   00076    0.5075    -901.2143  0.3613 
   00077    0.5250    -898.9855  0.3353 
   00078    0.4950    -877.9157  0.3124 
   00079    0.5000    -913.3343  0.3363 
   00080    0.5150    -866.4581  0.3183 
   00081    0.5725    -872.6335  0.3213 
   00082    0.5300    -887.2772  0.2881 
   00083    0.5425    -877.7236  0.3072 
   00084    0.4875    -908.7987  0.3441 
   00085    0.4925    -908.7986  0.3342 
   00086    0.4825    -930.3222  0.3477 
   00087    0.4950    -914.3190  0.3512 
   00088    0.5075    -907.0248  0.3434 
   00089    0.5175    -897.7458  0.3153 
   00090    0.5525    -893.3728  0.3388 
   00091    0.4875    -906.2371  0.3296 
   00092    0.4525    -880.4452  0.3167 
   00093    0.4600    -931.6156  0.3340 
   00094    0.5175    -909.1164  0.2901 
   00095    0.5275    -910.2790  0.3437 
   00096    0.5000    -937.2335  0.3661 
   00097    0.4775    -940.6541  0.3808 
   00098    0.4800    -952.6147  0.3673 
   00099    0.5525    -922.9259  0.3772 
   00100    0.4800    -924.4772  0.3881 
   00101    0.5000    -880.7739  0.3845 
   00102    0.5125    -892.1508  0.3864 
   00103    0.4875    -895.3784  0.3660 
   00104    0.5225    -904.0903  0.3611 
   00105    0.5025    -912.3942  0.3970 
   00106    0.5600    -913.9314  0.3943 
   00107    0.5000    -936.8807  0.4213 
   00108    0.5100    -935.1468  0.4200 
   00109    0.4900    -920.7579  0.4296 
   00110    0.5100    -947.2745  0.4283 
   00111    0.4350    -955.3854  0.4249 
   00112    0.4525    -969.3860  0.4154 
   00113    0.4825    -972.4416  0.3946 
   00114    0.4975    -977.2302  0.4062 
   00115    0.5000    -949.8980  0.4015 
   00116    0.4900    -952.4072  0.4231 
   00117    0.5275    -924.5218  0.4109 
   00118    0.4950    -912.2581  0.3785 
   00119    0.5050    -909.4843  0.3925 
   00120    0.5375    -904.1376  0.4172 
   00121    0.5150    -914.3143  0.4201 
   00122    0.5000    -897.8533  0.4124 
   00123    0.5250    -907.1610  0.3892 
   00124    0.5250    -953.4718  0.4011 
   00125    0.5300    -971.5138  0.4003 
   00126    0.4325    -990.1884  0.4115 
   00127    0.4450    -981.7256  0.3910 
   00128    0.4900    -898.5961  0.3843 
   00129    0.4900    -916.2002  0.4332 
   00130    0.5250    -979.5953  0.4590 
   00131    0.4650   -1014.7306  0.4673 
   00132    0.4475   -1008.9871  0.4879 
   00133    0.4425   -1033.0172  0.4974 
   00134    0.4500   -1009.2980  0.4803 
   00135    0.4475    -998.2258  0.4724 
   00136    0.4000    -996.0259  0.4730 
   00137    0.4975    -976.5946  0.4677 
   00138    0.5225    -957.4468  0.4534 
   00139    0.5250    -969.7916  0.4817 
   00140    0.4425    -974.2876  0.4740 
   00141    0.4550    -961.2220  0.4866 
   00142    0.4725    -962.7655  0.4851 
   00143    0.5225    -962.4697  0.4832 
   00144    0.4775    -963.4246  0.5257 
   00145    0.4950    -932.3606  0.5167 
   00146    0.4675    -942.0505  0.4946 
   00147    0.5050    -957.5721  0.4680 
   00148    0.5075    -931.6409  0.4505 
   00149    0.4450    -955.7452  0.4502 
   00150    0.5050    -912.6873  0.4527 
   00151    0.5100    -922.0038  0.4785 
   00152    0.4900    -896.4550  0.4595 
   00153    0.4825    -917.4886  0.4893 
   00154    0.5200    -984.1382  0.4995 
   00155    0.4725    -954.5251  0.4934 
   00156    0.5000    -967.5023  0.4720 
   00157    0.4600    -952.1337  0.4869 
   00158    0.4650    -978.1194  0.5006 
   00159    0.5100    -977.8614  0.4636 
   00160    0.4775    -970.3815  0.4587 
   00161    0.4850    -960.4805  0.4545 
   00162    0.4825    -926.3488  0.4414 
   00163    0.5075    -905.0962  0.4696 
   00164    0.4825    -939.9825  0.4810 
   00165    0.4850    -981.5146  0.4716 
   00166    0.4400   -1005.5946  0.4736 
   00167    0.4525    -973.1327  0.4744 
   00168    0.4750    -992.0701  0.4935 
   00169    0.4975    -989.0297  0.5082 
   00170    0.5025    -996.9345  0.5345 
   00171    0.5075    -989.3561  0.5281 
   00172    0.5000    -947.2694  0.5250 
   00173    0.4525    -925.2418  0.5173 
   00174    0.4925    -940.8170  0.5395 
   00175    0.4725    -959.7199  0.5321 
   00176    0.4800    -953.5889  0.5178 
   00177    0.4650    -967.9067  0.5087 
   00178    0.4675    -966.2514  0.5195 
   00179    0.4375    -974.6590  0.5637 
   00180    0.4325   -1000.1721  0.5632 
   00181    0.4750   -1029.1980  0.5844 
   00182    0.4425   -1042.3505  0.6032 
   00183    0.4725   -1016.7885  0.6063 
   00184    0.4750   -1022.0737  0.5724 
   00185    0.4500   -1011.5117  0.5692 
   00186    0.4675   -1015.3964  0.5690 
   00187    0.4525   -1001.9721  0.5817 
   00188    0.4700   -1008.1913  0.5827 
   00189    0.4300   -1019.3871  0.6008 
   00190    0.4575    -978.3178  0.5849 
   00191    0.4700   -1018.9447  0.5965 
   00192    0.4475   -1024.3838  0.5477 
   00193    0.4925    -981.2572  0.5131 
   00194    0.4625    -932.7590  0.4740 
   00195    0.5100    -944.1676  0.4647 
   00196    0.5100    -938.5625  0.4752 
   00197    0.4925    -932.9488  0.4642 
   00198    0.4925    -963.8483  0.4224 
   00199    0.4950    -932.8743  0.4097 
   00200    0.4700    -963.3793  0.4274 
   00201    0.5225    -939.9278  0.4487 
   00202    0.5075    -933.4106  0.4266 
   00203    0.4825    -942.6046  0.4353 
   00204    0.4750    -961.3185  0.4527 
   00205    0.5225    -966.2413  0.4530 
   00206    0.5400    -945.2901  0.4383 
   00207    0.4800    -989.9088  0.4689 
   00208    0.4350    -982.6306  0.4664 
   00209    0.5050    -949.2539  0.4192 
   00210    0.4800    -969.9618  0.4093 
   00211    0.4800    -981.3158  0.4085 
   00212    0.4250    -952.1303  0.4187 
   00213    0.5225    -939.6041  0.4330 
   00214    0.4100    -962.2131  0.4565 
   00215    0.4325    -960.4205  0.4824 
   00216    0.4575   -1003.1933  0.4695 
   00217    0.4800   -1008.2066  0.4651 
   00218    0.5150    -933.8055  0.4260 
   00219    0.5050    -919.7532  0.4266 
   00220    0.5025    -921.0206  0.4165 
   00221    0.5150    -924.4699  0.4218 
   00222    0.4825    -920.8738  0.4060 
   00223    0.4925    -938.5060  0.4236 
   00224    0.4550    -952.4907  0.4345 
   00225    0.5150    -971.7980  0.4389 
   00226    0.4475    -963.3402  0.4458 
   00227    0.5550    -964.5932  0.4484 
   00228    0.5050    -961.4814  0.4703 
   00229    0.5175    -978.3101  0.4649 
   00230    0.4825   -1014.5210  0.4543 
   00231    0.4525    -978.7346  0.4521 
   00232    0.4400   -1008.8452  0.4826 
   00233    0.4775   -1011.0360  0.4605 
   00234    0.5000   -1007.9743  0.4551 
   00235    0.4750    -999.6170  0.4367 
   00236    0.4625    -960.3233  0.3971 
   00237    0.4875    -957.7245  0.3834 
   00238    0.5000    -931.3050  0.3344 
   00239    0.4900    -925.2750  0.3332 
   00240    0.4900    -936.8524  0.3531 
   00241    0.4975    -914.8066  0.3724 
   00242    0.4775    -925.6943  0.3254 
   00243    0.4800    -955.5880  0.3635 
   00244    0.4975    -947.5470  0.3777 
   00245    0.4925    -925.8130  0.3967 
   00246    0.4900    -928.5915  0.3911 
   00247    0.5200    -935.7589  0.4044 
   00248    0.4875    -972.2045  0.4035 
   00249    0.4750    -987.7818  0.3788 
   00250    0.4525    -990.3558  0.3669 
   00251    0.4000   -1009.9402  0.3753 
   00252    0.4700    -980.2751  0.3844 
   00253    0.4675    -958.1029  0.3774 
   00254    0.4400    -930.8183  0.3852 
   00255    0.4850    -900.6885  0.4218 
   00256    0.5125    -897.4365  0.4318 
   00257    0.5125    -905.9313  0.4285 
   00258    0.4950    -961.9298  0.4541 
   00259    0.5025    -964.0844  0.4620 
   00260    0.4975    -969.3444  0.5121 
   00261    0.4250    -998.6760  0.5174 
   00262    0.4675    -975.5085  0.5109 
   00263    0.4600    -994.2772  0.5423 
   00264    0.5025   -1001.5040  0.5263 
   00265    0.4825    -969.5720  0.5420 
   00266    0.4850    -978.0680  0.5247 
   00267    0.4450    -973.0196  0.5029 
   00268    0.4450    -959.3644  0.4673 
   00269    0.4750    -953.0289  0.4748 
   00270    0.5300    -939.2940  0.4514 
   00271    0.4575    -978.0512  0.4590 
   00272    0.4825    -976.7479  0.4511 
   00273    0.4250   -1030.2989  0.4930 
   00274    0.4625   -1030.1213  0.4521 
   00275    0.4875    -984.8694  0.4303 
   00276    0.4700    -971.1009  0.4160 
   00277    0.4625    -956.9452  0.3843 
   00278    0.4775    -986.3346  0.4058 
   00279    0.4775    -989.0597  0.4415 
   00280    0.4500    -987.4611  0.4348 
   00281    0.4775    -970.4996  0.4345 
   00282    0.4875    -969.3588  0.4513 
   00283    0.4725    -992.8546  0.4521 
   00284    0.5225    -944.7857  0.4573 
   00285    0.4950    -909.5720  0.4323 
   00286    0.4900    -950.5681  0.4293 
   00287    0.5300    -954.0419  0.4197 
   00288    0.5225    -943.7387  0.4146 
   00289    0.4950    -991.3446  0.4409 
   00290    0.4600    -945.4727  0.4224 
   00291    0.5025    -912.5859  0.3926 
   00292    0.5100    -901.3098  0.3761 
   00293    0.5175    -894.5392  0.3610 
   00294    0.5350    -918.5496  0.3387 
   00295    0.5225    -933.1943  0.3747 
   00296    0.4375    -923.9352  0.3861 
   00297    0.5125    -926.5658  0.3940 
   00298    0.5325    -930.0687  0.3843 
   00299    0.5050    -969.7758  0.3821 
   00300    0.5175    -926.2877  0.3715 
   00301    0.5925    -944.9924  0.3966 
   00302    0.5225    -931.6520  0.3715 
   00303    0.5225    -926.2699  0.3628 
   00304    0.5300    -970.1046  0.3715 
   00305    0.4700   -1001.7941  0.3632 
   00306    0.5400    -948.4845  0.3641 
   00307    0.5375    -954.9856  0.3908 
   00308    0.5025    -980.0841  0.4209 
   00309    0.4850    -970.9393  0.3875 
   00310    0.5075    -955.8894  0.4020 
   00311    0.5125    -974.4827  0.3981 
   00312    0.5075    -963.3543  0.3813 
   00313    0.5125    -942.0761  0.4188 
   00314    0.5125    -975.3990  0.4330 
   00315    0.4600    -981.5748  0.4305 
   00316    0.4700    -957.1037  0.3998 
   00317    0.4425    -956.1322  0.3912 
   00318    0.4725    -977.9522  0.4126 
   00319    0.4800    -972.1106  0.4568 
   00320    0.4475    -992.3779  0.4303 
   00321    0.4350    -954.8180  0.4313 
   00322    0.4650    -925.2047  0.4403 
   00323    0.5275    -965.1380  0.4393 
   00324    0.4850    -953.1502  0.4443 
   00325    0.4675    -947.0613  0.4504 
   00326    0.4900    -905.6591  0.4548 
   00327    0.5325    -901.6579  0.4535 
   00328    0.5075    -913.1793  0.4405 
   00329    0.4825    -927.6757  0.4535 
   00330    0.4500    -966.4619  0.4423 
   00331    0.5025    -974.4238  0.4447 
   00332    0.4475    -948.4937  0.4701 
   00333    0.4850    -950.1058  0.4542 
   00334    0.4975    -939.4304  0.4684 
   00335    0.5150    -936.1901  0.4470 
   00336    0.4825    -914.9261  0.4350 
   00337    0.4375    -926.9963  0.4456 
   00338    0.5375    -915.2529  0.4050 
   00339    0.5300    -912.4675  0.3849 
   00340    0.5075    -919.5163  0.3964 
   00341    0.5075    -936.6760  0.4134 
   00342    0.5625    -875.9229  0.3839 
   00343    0.5350    -902.0184  0.3690 
   00344    0.4750    -926.8584  0.3961 
   00345    0.4875    -949.6331  0.3813 
   00346    0.4900    -966.0913  0.3779 
   00347    0.5325    -962.9057  0.3988 
   00348    0.4675    -969.2268  0.4009 
   00349    0.4600    -985.4756  0.4042 
   00350    0.4625    -965.9725  0.4044 
   00351    0.4950    -956.5438  0.4258 
   00352    0.4725   -1003.2900  0.4362 
   00353    0.4575   -1005.2702  0.4479 
   00354    0.4850    -974.3872  0.4473 
   00355    0.4575    -975.8319  0.4301 
   00356    0.5075    -924.0320  0.4137 
   00357    0.5000    -962.0275  0.4298 
   00358    0.4800    -963.8585  0.4461 
   00359    0.4550    -965.9642  0.4416 
   00360    0.5100    -923.1240  0.4160 
   00361    0.5275    -909.3790  0.4423 
   00362    0.5075    -894.1009  0.4341 
   00363    0.5400    -898.0648  0.4450 
   00364    0.5450    -903.8407  0.4497 
   00365    0.5225    -907.2681  0.4366 
   00366    0.4900    -907.2790  0.4436 
   00367    0.5200    -948.5169  0.4588 
   00368    0.4700    -993.3383  0.4550 
   00369    0.4625    -967.1849  0.4388 
   00370    0.5050    -934.8357  0.4347 
   00371    0.5175    -899.8998  0.3950 
   00372    0.5175    -953.5569  0.4258 
   00373    0.5025    -939.4398  0.4226 
   00374    0.4775    -973.0448  0.4186 
   00375    0.5075    -978.5314  0.4529 
   00376    0.4600    -970.8494  0.4287 
   00377    0.5125    -945.2168  0.3661 
   00378    0.5150    -956.1187  0.3733 
   00379    0.4825    -984.7034  0.3826 
   00380    0.4800    -994.3666  0.3866 
   00381    0.4525    -972.3539  0.3916 
   00382    0.4750    -986.3662  0.3782 
   00383    0.4925    -919.8490  0.3751 
   00384    0.5400    -977.9779  0.3733 
   00385    0.4525    -949.7644  0.3616 
   00386    0.4550    -929.8190  0.3667 
   00387    0.4775    -954.5592  0.3951 
   00388    0.4725    -922.8694  0.3912 
   00389    0.5475    -946.6766  0.3845 
   00390    0.4875    -977.5021  0.3474 
   00391    0.4600    -993.4577  0.3723 
   00392    0.5075    -996.9565  0.3602 
   00393    0.4675    -924.0472  0.3373 
   00394    0.5400    -910.3359  0.3680 
   00395    0.4950    -921.0495  0.3696 
   00396    0.4775    -932.7674  0.3698 
   00397    0.5025    -936.8892  0.3705 
   00398    0.5000    -934.3165  0.3671 
   00399    0.5000    -891.9715  0.3727 
   00400    0.5550    -904.3301  0.3306 
   00401    0.5275    -901.1756  0.3664 
   00402    0.5250    -941.4735  0.3543 
   00403    0.5075    -933.5283  0.3706 
   00404    0.5050    -900.3173  0.3661 
   00405    0.5150    -895.3622  0.3575 
   00406    0.5075    -925.6322  0.3656 
   00407    0.4875    -943.7349  0.3870 
   00408    0.4950    -948.0470  0.3702 
   00409    0.4800    -942.0485  0.3649 
   00410    0.5075    -942.2855  0.3693 
   00411    0.5500    -915.9403  0.3845 
   00412    0.5375    -922.2656  0.3520 
   00413    0.5200    -926.4622  0.3696 
   00414    0.5075    -956.2647  0.3545 
   00415    0.4575    -920.1212  0.2925 
   00416    0.4925    -942.3799  0.3285 
   00417    0.5175    -943.6880  0.2932 
   00418    0.4850    -944.6903  0.3059 
   00419    0.4950    -899.9465  0.3411 
   00420    0.5625    -892.6963  0.3181 
   00421    0.5550    -874.8801  0.2953 
   00422    0.5700    -856.6830  0.2900 
   00423    0.6000    -868.0623  0.3037 
   00424    0.5175    -879.2209  0.3161 
   00425    0.5100    -918.5318  0.3102 
   00426    0.5350    -904.5005  0.3045 
   00427    0.5150    -927.3172  0.3058 
   00428    0.4950    -935.3734  0.3306 
   00429    0.4900    -944.0530  0.3579 
   00430    0.5050    -916.1947  0.3057 
   00431    0.5125    -927.3400  0.3021 
   00432    0.4850    -944.8941  0.2921 
   00433    0.4700    -941.5670  0.3213 
   00434    0.5075    -970.7668  0.3170 
   00435    0.4525    -955.8791  0.2996 
   00436    0.5025   -1006.7402  0.2997 
   00437    0.4875    -974.6104  0.3198 
   00438    0.4875    -962.9863  0.3066 
   00439    0.4975    -928.1007  0.3137 
   00440    0.5100    -930.8550  0.3210 
   00441    0.4850    -936.9535  0.3302 
   00442    0.5275    -932.2552  0.3430 
   00443    0.5275    -957.4722  0.3280 
   00444    0.4700    -974.5980  0.3329 
   00445    0.4575   -1009.0915  0.3036 
   00446    0.5050    -960.5968  0.2958 
   00447    0.4725    -954.4579  0.2956 
   00448    0.4850    -946.4288  0.3092 
   00449    0.4925    -930.6400  0.3191 
   00450    0.4775    -943.6957  0.3591 
   00451    0.4975    -962.6171  0.3432 
   00452    0.4800    -912.7861  0.3426 
   00453    0.5225    -883.3244  0.3165 
   00454    0.5225    -866.4162  0.3475 
   00455    0.5600    -848.5440  0.3454 
   00456    0.5500    -903.6135  0.3678 
   00457    0.4675    -904.2963  0.3632 
   00458    0.5550    -871.2017  0.3777 
   00459    0.5075    -914.3747  0.4215 
   00460    0.5175    -937.0963  0.4378 
   00461    0.4975    -962.4009  0.4552 
   00462    0.5050    -963.0564  0.4642 
   00463    0.4850    -964.2697  0.4696 
   00464    0.4750    -915.9009  0.4672 
   00465    0.5025    -944.4889  0.4689 
   00466    0.5325    -977.0724  0.4846 
   00467    0.4925    -951.5105  0.4832 
   00468    0.5175    -954.3224  0.4766 
   00469    0.4875    -935.6224  0.4542 
   00470    0.5250    -894.9057  0.4572 
   00471    0.4825    -922.9741  0.4678 
   00472    0.5350    -947.3953  0.4521 
   00473    0.4775    -982.8505  0.4562 
   00474    0.4800    -991.5145  0.4814 
   00475    0.4575    -993.0818  0.4597 
   00476    0.4350    -982.2956  0.4714 
   00477    0.4825    -987.1720  0.4406 
   00478    0.4650    -958.2087  0.4163 
   00479    0.4800    -957.7173  0.4329 
   00480    0.4600    -985.7079  0.4365 
   00481    0.4725    -961.4769  0.4142 
   00482    0.4950    -968.7108  0.4162 
   00483    0.4725    -986.1959  0.4126 
   00484    0.4475    -974.5226  0.4138 
   00485    0.4575    -933.1016  0.4112 
   00486    0.4925    -902.5919  0.4160 
   00487    0.5175    -923.8792  0.4562 
   00488    0.5150    -926.2195  0.4947 
   00489    0.5150    -944.3318  0.4652 
   00490    0.5200    -939.6345  0.4738 
   00491    0.4875    -950.4663  0.4479 
   00492    0.4950    -968.7488  0.4385 
   00493    0.4875    -973.9161  0.4425 
   00494    0.4850    -958.3909  0.4377 
   00495    0.4650    -967.0463  0.4414 
   00496    0.4600    -997.4702  0.4754 
   00497    0.4675   -1022.6262  0.4722 
   00498    0.5075    -964.9036  0.4497 
   00499    0.4675    -971.8507  0.4512 
   00500    0.4850    -954.8612  0.4155 
   00501    0.5100    -901.4029  0.3967 
   00502    0.5400    -887.5140  0.3740 
   00503    0.5350    -892.9309  0.3778 
   00504    0.5325    -917.5248  0.3773 
   00505    0.5400    -924.1342  0.3865 
   00506    0.4800    -915.6526  0.3715 
   00507    0.5425    -897.9653  0.3547 
   00508    0.5100    -885.1495  0.3578 
   00509    0.5125    -883.8413  0.3436 
   00510    0.4500    -945.5065  0.3875 
   00511    0.4200    -942.9217  0.3905 
   00512    0.4825    -951.8887  0.3762 
   00513    0.4900    -964.8976  0.3581 
   00514    0.4750    -929.6185  0.3633 
   00515    0.4625    -932.9128  0.3285 
   00516    0.4750    -922.3448  0.3274 
   00517    0.4975    -946.0907  0.3180 
   00518    0.4775    -930.5628  0.2975 
   00519    0.4400    -935.5600  0.2788 
   00520    0.4875    -969.4829  0.2806 
   00521    0.5150    -970.0736  0.2878 
   00522    0.4650    -972.0619  0.2843 
   00523    0.4550    -970.6762  0.2907 
   00524    0.4750    -945.6399  0.2890 
   00525    0.5075    -958.1293  0.3299 
   00526    0.4875    -938.1427  0.3302 
   00527    0.5325    -939.4936  0.3417 
   00528    0.5500    -903.0954  0.3465 
   00529    0.4650    -902.4399  0.3839 
   00530    0.5000    -936.3086  0.3465 
   00531    0.4700    -952.0533  0.3381 
   00532    0.5100    -898.2360  0.3567 
   00533    0.4900    -959.5083  0.3820 
   00534    0.5175    -986.8681  0.3814 
   00535    0.5075    -984.7007  0.3788 
   00536    0.4700    -981.1382  0.4082 
   00537    0.4550   -1011.0534  0.4339 
   00538    0.4925    -961.8851  0.4360 
   00539    0.4950    -971.3686  0.4185 
   00540    0.4975    -958.4189  0.3840 
   00541    0.5125    -992.4366  0.3979 
   00542    0.4675    -996.2351  0.3868 
   00543    0.4950   -1025.5542  0.3913 
   00544    0.4325   -1013.2211  0.3860 
   00545    0.4850   -1016.1010  0.3828 
   00546    0.4725   -1004.5760  0.3836 
   00547    0.4900    -970.1348  0.3768 
   00548    0.4525    -973.7495  0.3974 
   00549    0.4450   -1001.0965  0.4006 
   00550    0.4850    -997.2814  0.3923 
   00551    0.4650    -951.6654  0.4009 
   00552    0.4925    -950.1123  0.4109 
   00553    0.4750    -991.2214  0.4230 
   00554    0.4825    -979.4570  0.3810 
   00555    0.4900    -934.5094  0.3873 
   00556    0.4950    -963.0399  0.3991 
   00557    0.4675    -980.0589  0.4084 
   00558    0.4925    -989.4543  0.3973 
   00559    0.4725   -1010.9077  0.4033 
   00560    0.4675    -994.0614  0.4221 
   00561    0.4725    -997.2240  0.3967 
   00562    0.4450    -982.2377  0.4209 
   00563    0.4800    -987.1645  0.4284 
   00564    0.4450    -990.5159  0.4323 
   00565    0.4500    -973.9977  0.4066 
   00566    0.4750    -945.6773  0.4153 
   00567    0.5300    -917.0355  0.3947 
   00568    0.5175    -951.3206  0.3891 
   00569    0.5000    -959.2732  0.3935 
   00570    0.4500    -946.0790  0.3781 
   00571    0.4900    -940.2658  0.3760 
   00572    0.4950    -920.4621  0.3867 
   00573    0.4675    -958.1737  0.3788 
   00574    0.4550    -966.2698  0.3807 
   00575    0.5125    -930.6772  0.3848 
   00576    0.5050    -951.3157  0.3370 
   00577    0.4850    -961.4268  0.3570 
   00578    0.4275    -979.0486  0.3600 
   00579    0.4925    -950.3182  0.3554 
   00580    0.4625    -971.7615  0.3217 
   00581    0.4775    -946.0811  0.3153 
   00582    0.5350    -910.0540  0.3051 
   00583    0.4600    -935.4524  0.3092 
   00584    0.5025    -940.5537  0.3483 
   00585    0.4700    -944.3591  0.3552 
   00586    0.5075    -917.4262  0.3365 
   00587    0.4850    -929.4199  0.3260 
   00588    0.5100    -911.4155  0.3580 
   00589    0.5250    -906.4380  0.3546 
   00590    0.5400    -924.6312  0.3651 
   00591    0.4925    -920.1811  0.3583 
   00592    0.4800    -892.8177  0.3367 
   00593    0.5125    -901.6912  0.3449 
   00594    0.5025    -902.4758  0.3552 
   00595    0.4650    -914.2309  0.3541 
   00596    0.5050    -913.9767  0.3822 
   00597    0.5175    -917.9422  0.4357 
   00598    0.4975    -928.8752  0.4886 
   00599    0.5225    -913.0852  0.4632 
   00600    0.4975    -892.9801  0.4506 
   00601    0.5600    -953.6758  0.4839 
   00602    0.4975    -954.7896  0.4806 
   00603    0.4175    -975.8693  0.4850 
   00604    0.4675    -977.1870  0.4905 
   00605    0.4675    -989.0557  0.4925 
   00606    0.4825    -952.0885  0.4654 
   00607    0.4725    -970.0057  0.4971 
   00608    0.4575    -981.9606  0.4817 
   00609    0.5050    -982.1210  0.4820 
   00610    0.4400    -950.8872  0.4556 
   00611    0.4775    -967.1987  0.4241 
   00612    0.4775    -958.7265  0.4113 
   00613    0.4925    -964.6658  0.4340 
   00614    0.5025    -930.0707  0.4377 
   00615    0.5125    -907.1461  0.4044 
   00616    0.5375    -914.2553  0.3747 
   00617    0.4800    -926.2884  0.3749 
   00618    0.4725    -943.1618  0.3665 
   00619    0.4850    -924.4144  0.3809 
   00620    0.5075    -932.5427  0.4184 
   00621    0.5175    -915.1950  0.4264 
   00622    0.5225    -958.6456  0.4218 
   00623    0.4725    -964.7950  0.4337 
   00624    0.4475    -949.2199  0.4233 
   00625    0.4900    -960.8230  0.4124 
   00626    0.5200    -965.9131  0.4147 
   00627    0.4800    -969.0888  0.4253 
   00628    0.5125    -957.7437  0.3865 
   00629    0.4800    -945.9021  0.3942 
   00630    0.4925    -949.3774  0.4080 
   00631    0.4725    -969.1850  0.4137 
   00632    0.5025    -939.7080  0.3841 
   00633    0.4725    -920.2818  0.3749 
   00634    0.5125    -911.4472  0.3846 
   00635    0.5300    -933.5467  0.3376 
   00636    0.4900    -922.9131  0.3205 
   00637    0.4925    -942.1376  0.3047 
   00638    0.5400    -956.1555  0.3005 
   00639    0.4775    -984.8962  0.3068 
   00640    0.4825    -972.1674  0.3135 
   00641    0.4825    -962.4217  0.3255 
   00642    0.4500    -949.3557  0.2933 
   00643    0.4675    -973.4653  0.2924 
   00644    0.4975    -968.8095  0.3026 
   00645    0.5225   -1013.1433  0.2805 
   00646    0.4200    -983.3421  0.2730 
   00647    0.4900    -998.7408  0.2808 
   00648    0.4550   -1005.6244  0.2690 
   00649    0.4675    -976.0492  0.3021 
   00650    0.4775    -991.2883  0.3378 
   00651    0.4650    -916.0018  0.3008 
   00652    0.5350    -883.7798  0.2895 
   00653    0.4950    -884.9269  0.3067 
   00654    0.5650    -908.6079  0.3209 
   00655    0.4850    -939.2404  0.3019 
   00656    0.4725    -935.5189  0.2978 
   00657    0.4800    -960.9403  0.2636 
   00658    0.4750    -986.1372  0.2605 
   00659    0.4550    -993.4429  0.2634 
   00660    0.4950    -984.9215  0.2735 
   00661    0.4750    -965.4076  0.2697 
   00662    0.4850    -975.5624  0.2628 
   00663    0.4775    -958.9020  0.2805 
   00664    0.5200    -958.2346  0.2837 
   00665    0.4750    -971.5978  0.2601 
   00666    0.5075    -943.3152  0.2878 
   00667    0.5075    -951.7994  0.2786 
   00668    0.4600    -962.1051  0.2766 
   00669    0.4700    -943.3915  0.2786 
   00670    0.4625    -958.4951  0.2859 
   00671    0.4625    -972.1193  0.2895 
   00672    0.4700    -928.3504  0.2932 
   00673    0.5125    -938.6007  0.2931 
   00674    0.4825    -912.6235  0.2916 
   00675    0.4975    -899.4591  0.3134 
   00676    0.5025    -941.3342  0.3393 
   00677    0.5250    -943.9881  0.3112 
   00678    0.5125    -929.2557  0.3326 
   00679    0.4725    -945.5872  0.3093 
   00680    0.5025    -934.6604  0.3031 
   00681    0.4925    -956.1028  0.3069 
   00682    0.4625    -955.4856  0.2877 
   00683    0.4450    -943.9488  0.2909 
   00684    0.4825    -931.6572  0.2832 
   00685    0.5200    -948.7520  0.2745 
   00686    0.5100   -1000.6172  0.2850 
   00687    0.4775    -976.0994  0.2672 
   00688    0.5175   -1004.2185  0.2605 
   00689    0.4475    -986.2474  0.2644 
   00690    0.4825    -978.3323  0.2911 
   00691    0.5175    -956.1349  0.2877 
   00692    0.4725    -967.6461  0.2832 
   00693    0.4800    -966.3986  0.2703 
   00694    0.4425    -980.3366  0.2946 
   00695    0.5075    -996.1591  0.3040 
   00696    0.4600    -979.1922  0.3072 
   00697    0.5325    -970.6678  0.3172 
   00698    0.5125    -944.3239  0.3571 
   00699    0.4900    -920.3565  0.4074 
   00700    0.5175    -966.2318  0.3890 
   00701    0.4675    -968.2217  0.3776 
   00702    0.4600    -962.3715  0.3608 
   00703    0.4700    -957.4809  0.3754 
   00704    0.4900    -973.4202  0.3410 
   00705    0.4825    -985.3248  0.3166 
   00706    0.4325    -955.5200  0.3058 
   00707    0.5375    -943.5191  0.2933 
   00708    0.5275    -919.0303  0.2886 
   00709    0.4650    -966.3105  0.2792 
   00710    0.5100    -975.5304  0.2887 
   00711    0.4875    -930.3970  0.3072 
   00712    0.5475    -934.1312  0.3115 
   00713    0.5500    -909.2176  0.3119 
   00714    0.5200    -910.3839  0.3587 
   00715    0.5125    -942.5256  0.3544 
   00716    0.4575    -913.4683  0.3633 
   00717    0.5025    -936.6312  0.3828 
   00718    0.4675    -947.5885  0.3804 
   00719    0.4825    -919.3629  0.3835 
   00720    0.5100    -928.7364  0.3778 
   00721    0.4825    -939.9259  0.4012 
   00722    0.4950    -967.7847  0.4115 
   00723    0.4675    -973.8203  0.4315 
   00724    0.4950    -959.5725  0.4432 
   00725    0.4900    -941.2905  0.4312 
   00726    0.4675    -934.0124  0.4259 
   00727    0.5000    -931.4831  0.4080 
   00728    0.5125    -936.9424  0.4133 
   00729    0.5175    -942.2486  0.4650 
   00730    0.4875    -949.3150  0.4865 
   00731    0.5200    -928.7474  0.4619 
   00732    0.4775    -947.7428  0.4358 
   00733    0.5075    -912.8772  0.4410 
   00734    0.5150    -930.1563  0.4246 
   00735    0.4550    -945.2097  0.4193 
   00736    0.4950    -931.9235  0.4142 
   00737    0.4750    -936.7154  0.4019 
   00738    0.4875    -965.7886  0.4065 
   00739    0.4700    -953.6192  0.4009 
   00740    0.4925    -949.5167  0.4017 
   00741    0.4800    -982.7341  0.4378 
   00742    0.4600    -944.2169  0.4264 
   00743    0.5050    -977.7916  0.4276 
   00744    0.4775    -981.7024  0.4169 
   00745    0.4725    -901.7304  0.3819 
   00746    0.5075    -917.5446  0.3731 
   00747    0.5300    -926.5777  0.3732 
   00748    0.5125    -954.7895  0.3743 
   00749    0.5150    -994.2896  0.4096 
   00750    0.4475    -958.7812  0.3872 
   00751    0.4650    -953.5233  0.3610 
   00752    0.4775    -950.8569  0.3430 
   00753    0.4900    -946.2547  0.3594 
   00754    0.4600    -942.0887  0.3715 
   00755    0.4775    -948.0193  0.3664 
   00756    0.5050    -966.2662  0.3585 
   00757    0.5125    -931.7399  0.3605 
   00758    0.4950    -934.4583  0.3510 
   00759    0.4775    -968.3375  0.3535 
   00760    0.4850    -974.1376  0.3351 
   00761    0.4575    -952.8527  0.3207 
   00762    0.4925    -970.5952  0.3007 
   00763    0.5250    -984.6086  0.3131 
   00764    0.4975    -982.8289  0.3057 
   00765    0.4450    -953.9481  0.2804 
   00766    0.4375    -959.8243  0.2772 
   00767    0.4750    -942.1199  0.2856 
   00768    0.5050    -915.1322  0.2906 
   00769    0.5175    -945.4215  0.2929 
   00770    0.5025    -971.2935  0.3033 
   00771    0.5400    -954.9215  0.3338 
   00772    0.4825    -956.6180  0.3637 
   00773    0.5275    -920.1456  0.3488 
   00774    0.5550    -940.9264  0.3645 
   00775    0.5125    -909.0756  0.3762 
   00776    0.5200    -894.5553  0.3608 
   00777    0.5175    -907.0302  0.3856 
   00778    0.4875    -933.8317  0.3725 
   00779    0.5525    -927.6517  0.3660 
   00780    0.5000    -910.5732  0.3763 
   00781    0.4800    -923.9119  0.3501 
   00782    0.5025    -965.4074  0.3580 
   00783    0.5000    -978.0420  0.3393 
   00784    0.5250    -945.7016  0.3527 
   00785    0.4950    -974.4914  0.3617 
   00786    0.4900    -954.2619  0.3555 
   00787    0.4875    -984.5854  0.3711 
   00788    0.4600    -995.0094  0.3861 
   00789    0.4675    -970.4149  0.4145 
   00790    0.4750   -1015.4818  0.4106 
   00791    0.5150   -1004.4631  0.4208 
   00792    0.4950    -956.5185  0.3952 
   00793    0.4925    -992.1659  0.4072 
   00794    0.4600   -1016.4886  0.4180 
   00795    0.4575   -1009.5363  0.4211 
   00796    0.4925    -980.3895  0.4072 
   00797    0.5125    -984.3495  0.4209 
   00798    0.4775    -991.3789  0.4482 
   00799    0.4850    -984.4463  0.4174 
   00800    0.4725    -976.9794  0.3932 
   00801    0.4675    -958.7789  0.3690 
   00802    0.4900    -983.8211  0.3749 
   00803    0.4675    -954.4509  0.3630 
   00804    0.4850    -964.9563  0.3696 
   00805    0.4925    -979.3605  0.3512 
   00806    0.5200    -946.2537  0.3591 
   00807    0.4975    -955.4096  0.3647 
   00808    0.4975    -909.1691  0.3651 
   00809    0.5300    -919.8300  0.3838 
   00810    0.4900    -932.5078  0.3470 
   00811    0.5325    -911.9299  0.3571 
   00812    0.5225    -914.3023  0.3825 
   00813    0.5125    -948.9173  0.4135 
   00814    0.5475    -918.0919  0.4422 
   00815    0.4750    -937.0206  0.4487 
   00816    0.5050    -945.7927  0.4354 
   00817    0.4800    -920.0319  0.4792 
   00818    0.4975    -953.5059  0.4737 
   00819    0.4900    -956.1505  0.4883 
   00820    0.4950    -912.1821  0.4931 
   00821    0.4800    -914.1305  0.5099 
   00822    0.5025    -918.0466  0.4810 
   00823    0.5000    -960.1572  0.4916 
   00824    0.5150    -951.2080  0.4974 
   00825    0.5225    -964.6071  0.5174 
   00826    0.4900    -958.4310  0.5421 
   00827    0.4650    -939.6949  0.5241 
   00828    0.5400    -943.9497  0.5227 
   00829    0.5325    -945.9330  0.5367 
   00830    0.4625    -960.1007  0.5305 
   00831    0.5300    -935.9794  0.5080 
   00832    0.4325    -960.5626  0.5225 
   00833    0.4700    -968.2650  0.5162 
   00834    0.4775    -962.5832  0.4859 
   00835    0.4625    -950.0286  0.4788 
   00836    0.5125    -954.5490  0.4652 
   00837    0.5425    -941.1070  0.4602 
   00838    0.5100    -957.5838  0.4564 
   00839    0.5325    -961.5498  0.4398 
   00840    0.5725    -921.6198  0.4529 
   00841    0.4750    -891.2202  0.4366 
   00842    0.5075    -897.0955  0.4219 
   00843    0.4800    -910.2674  0.4172 
   00844    0.5175    -926.6227  0.4364 
   00845    0.5375    -906.0846  0.4266 
   00846    0.5150    -911.3769  0.4316 
   00847    0.4825    -959.0980  0.4180 
   00848    0.4750    -922.4140  0.3895 
   00849    0.5700    -914.9898  0.3918 
   00850    0.5175    -896.0016  0.3938 
   00851    0.5425    -886.2102  0.4210 
   00852    0.5225    -893.3510  0.4058 
   00853    0.5300    -922.9242  0.4074 
   00854    0.4525    -973.9947  0.4442 
   00855    0.4500    -963.2996  0.4541 
   00856    0.4700    -975.7657  0.4282 
   00857    0.5175    -955.7819  0.3995 
   00858    0.5000    -968.2954  0.4029 
   00859    0.5425    -931.0309  0.3553 
   00860    0.5050    -933.9367  0.3613 
   00861    0.4800    -885.2906  0.3826 
   00862    0.5050    -943.0892  0.3952 
   00863    0.5000    -923.6741  0.4319 
   00864    0.4950    -945.8049  0.4293 
   00865    0.5475    -915.1554  0.4366 
   00866    0.5475    -922.2572  0.4393 
   00867    0.5450    -928.0585  0.4155 
   00868    0.5100    -949.9902  0.4460 
   00869    0.4600    -936.5660  0.4388 
   00870    0.5225    -890.0652  0.4150 
   00871    0.5250    -885.4449  0.3858 
   00872    0.4825    -912.9683  0.4017 
   00873    0.5075    -933.1141  0.4231 
   00874    0.4850    -968.1555  0.4527 
   00875    0.4825    -985.0730  0.4519 
   00876    0.4850    -959.5754  0.4270 
   00877    0.5225    -979.4317  0.4329 
   00878    0.4575    -977.5975  0.4148 
   00879    0.4850    -990.3947  0.4375 
   00880    0.4425    -997.3429  0.4018 
   00881    0.4650    -988.5541  0.3950 
   00882    0.4075    -947.4828  0.3561 
   00883    0.5150    -906.0560  0.3871 
   00884    0.4900    -911.4861  0.3665 
   00885    0.4925    -904.1114  0.3944 
   00886    0.5325    -914.4178  0.3942 
   00887    0.5275    -910.6553  0.3868 
   00888    0.5075    -906.8719  0.3658 
   00889    0.5675    -949.8934  0.3952 
   00890    0.4925    -934.7896  0.3912 
   00891    0.5350    -933.5783  0.3910 
   00892    0.4975    -945.3365  0.3741 
   00893    0.4650    -956.5077  0.3494 
   00894    0.4625   -1008.0362  0.3611 
   00895    0.4250   -1000.8770  0.3706 
   00896    0.4775   -1016.0377  0.3540 
   00897    0.4375   -1003.0204  0.3555 
   00898    0.5000   -1009.4824  0.3579 
   00899    0.4825    -956.3265  0.3326 
   00900    0.5050    -912.2663  0.3351 
   00901    0.5325    -881.5300  0.3602 
   00902    0.5075    -867.7994  0.3628 
   00903    0.5250    -925.0896  0.3792 
   00904    0.4850    -900.7830  0.3776 
   00905    0.4925    -936.4089  0.3941 
   00906    0.5350    -934.6332  0.4092 
   00907    0.5200    -967.7539  0.4081 
   00908    0.4925    -976.7393  0.3733 
   00909    0.4325    -946.5386  0.3956 
   00910    0.5075    -925.1274  0.3937 
   00911    0.5050    -937.4886  0.4523 
   00912    0.5350    -945.9805  0.4069 
   00913    0.5350    -935.8554  0.3989 
   00914    0.5275    -961.0617  0.3759 
   00915    0.4700    -940.1161  0.4012 
   00916    0.4900    -943.9333  0.4134 
   00917    0.5000    -934.5864  0.4018 
   00918    0.5175    -918.7275  0.3644 
   00919    0.4750    -928.4598  0.3541 
   00920    0.5400    -894.1125  0.3498 
   00921    0.5350    -926.9602  0.3164 
   00922    0.4550    -897.6431  0.3174 
   00923    0.5400    -920.1399  0.3332 
   00924    0.4750    -913.1321  0.3115 
   00925    0.5100    -912.9537  0.2831 
   00926    0.5175    -930.5135  0.2921 
   00927    0.4975    -933.6419  0.3046 
   00928    0.4950    -952.1683  0.2892 
   00929    0.4325    -925.2383  0.3275 
   00930    0.4950    -939.6755  0.3298 
   00931    0.5225    -923.3761  0.3032 
   00932    0.4925    -949.5321  0.2940 
   00933    0.4675    -960.4554  0.2763 
   00934    0.4625    -954.9423  0.2858 
   00935    0.4425    -988.4792  0.2988 
   00936    0.4450    -982.1046  0.2771 
   00937    0.5025    -966.0260  0.2951 
   00938    0.4525    -985.1133  0.2876 
   00939    0.4700    -993.5524  0.2613 
   00940    0.4725    -950.1806  0.2733 
   00941    0.4925    -933.5455  0.2607 
   00942    0.4475    -954.5255  0.2777 
   00943    0.4950    -965.7685  0.2944 
   00944    0.4825    -936.9332  0.3133 
   00945    0.4900    -941.6427  0.3475 
   00946    0.4525    -905.9287  0.3487 
   00947    0.5175    -923.6912  0.3793 
   00948    0.5125    -918.7332  0.3807 
   00949    0.4700    -851.7630  0.3497 
   00950    0.5300    -876.1846  0.3780 
   00951    0.5375    -899.0210  0.3931 
   00952    0.4875    -926.2174  0.3847 
   00953    0.5225    -934.9901  0.4112 
   00954    0.4600    -949.4239  0.4087 
   00955    0.5075    -922.7979  0.3804 
   00956    0.4725    -938.3172  0.3507 
   00957    0.4875   -1002.2745  0.3637 
   00958    0.4200   -1002.2069  0.3546 
   00959    0.4200   -1001.6275  0.3272 
   00960    0.4575   -1009.1467  0.2915 
   00961    0.4950    -979.5444  0.2852 
   00962    0.4600    -981.2454  0.2790 
   00963    0.4425    -956.4538  0.3048 
   00964    0.4400    -962.2399  0.2830 
   00965    0.4150    -962.7482  0.2698 
   00966    0.5000    -971.6482  0.3156 
   00967    0.5100    -949.0985  0.3345 
   00968    0.4925    -985.6059  0.3801 
   00969    0.4975    -937.0551  0.3429 
   00970    0.5250    -914.9026  0.3420 
   00971    0.4575    -956.8833  0.3371 
   00972    0.5075    -950.7470  0.3298 
   00973    0.5175    -947.5929  0.3632 
   00974    0.4950    -998.0877  0.3986 
   00975    0.4875    -986.8385  0.3801 
   00976    0.4775    -966.2241  0.3842 
   00977    0.4575   -1005.8828  0.4383 
   00978    0.4500   -1020.8965  0.4391 
   00979    0.4525   -1031.9634  0.4486 
   00980    0.4650   -1018.9567  0.4760 
   00981    0.4475    -994.8191  0.5007 
   00982    0.5025    -972.2091  0.5111 
   00983    0.4650    -945.9506  0.4600 
   00984    0.5125    -957.8894  0.4779 
   00985    0.4950    -936.2974  0.4450 
   00986    0.5050    -967.2112  0.4390 
   00987    0.4650    -974.5671  0.4215 
   00988    0.4450    -959.3629  0.4112 
   00989    0.5000    -939.9545  0.4258 
   00990    0.5200    -924.6539  0.4288 
   00991    0.5025    -907.6395  0.4046 
   00992    0.4975    -923.3945  0.4139 
   00993    0.4700    -939.2197  0.3888 
   00994    0.4650    -969.1411  0.3975 
   00995    0.4675    -981.0156  0.4421 
   00996    0.4400    -966.1790  0.4370 
   00997    0.4675    -960.3761  0.3927 
   00998    0.4825   -1000.2376  0.3980 
   00999    0.4775    -970.8816  0.3959 
   01000    0.4800    -962.1959  0.3858 
