#=====================================================
# File created:        Tue-03-Mar-2026-at-11-17-07AM
# Size of lattice:     250x250
# Number of MC steps:  50
# Reduced temperature: 0.500
# Run time (s):        84.616811
#=====================================================
# MC step:  Ratio:     Energy:   Order:
#=====================================================
   00000    0.5000  -62255.7941  0.2515 
   00001    0.6796  -93495.5145  0.2545 
   00002    0.6218 -112745.2743  0.2556 
   00003    0.5859 -126793.3566  0.2549 
   00004    0.5563 -137618.6318  0.2546 
   00005    0.5392 -146108.9691  0.2557 
   00006    0.5203 -153148.2973  0.2573 
   00007    0.5095 -158651.7439  0.2583 
   00008    0.4948 -163616.7502  0.2584 
   00009    0.4935 -167985.3696  0.2586 
   00010    0.4801 -171239.4827  0.2582 
   00011    0.4763 -174512.1955  0.2592 
   00012    0.4707 -177430.1463  0.2599 
   00013    0.4677 -179731.8985  0.2608 
   00014    0.4636 -181859.4629  0.2610 
   00015    0.4592 -183676.0303  0.2607 
   00016    0.4542 -185535.2250  0.2625 
   00017    0.4554 -186890.7721  0.2618 
   00018    0.4549 -188420.3036  0.2618 
   00019    0.4500 -189562.7483  0.2632 
   00020    0.4469 -190362.5165  0.2638 
   00021    0.4444 -191246.1592  0.2632 
   00022    0.4449 -192537.1858  0.2634 
   00023    0.4401 -193249.5573  0.2633 
   00024    0.4424 -194062.1103  0.2642 
   00025    0.4345 -194660.1809  0.2647 
   00026    0.4408 -195221.0393  0.2650 
   00027    0.4411 -195871.1068  0.2655 
   00028    0.4387 -196384.4147  0.2658 
   00029    0.4349 -196873.6833  0.2655 
   00030    0.4365 -197115.3459  0.2662 
   00031    0.4373 -197567.1726  0.2659 
   00032    0.4318 -198161.1715  0.2660 
   00033    0.4357 -198684.5057  0.2655 
   00034    0.4349 -198980.2982  0.2662 
   00035    0.4339 -199180.3166  0.2655 
   00036    0.4296 -199469.3582  0.2670 
   00037    0.4306 -199646.3264  0.2660 
   00038    0.4286 -199912.6898  0.2655 
   00039    0.4330 -200606.0499  0.2654 
   00040    0.4320 -201008.5543  0.2664 
   00041    0.4296 -201203.3576  0.2666 
   00042    0.4315 -201543.3739  0.2675 
   00043    0.4279 -202018.6576  0.2672 
   00044    0.4291 -201874.1723  0.2680 
   00045    0.4299 -202142.8573  0.2691 
   00046    0.4266 -202431.5452  0.2694 
   00047    0.4297 -202450.2541  0.2688 
   00048    0.4292 -202479.3909  0.2690 
   00049    0.4266 -202784.5506  0.2704 
   00050    0.4251 -202932.4114  0.2706 
